0712 - Height calibration

0705

3 mode 1 choose

100
070d00000000000002000404800100000000000000000000000000000000000000000000000000000000000000000000000000000000000000000000000000000000000000000000
200
070d00000000000002000808800100000000000000000000000000000000000000000000000000000000000000000000000000000000000000000000000000000000000000000000
300
070d00000000000002000808800100000000000000000000000000000000000000000000000000000000000000000000000000000000000000000000000000000000000000000000
400
070d00000000000002000d0d800100000000000000000000000000000000000000000000000000000000000000000000000000000000000000000000000000000000000000000000
500
070d00000000000002000808810100000000000000000000000000000000000000000000000000000000000000000000000000000000000000000000000000000000000000000000
600
070d00000000000002000c0c810100000000000000000000000000000000000000000000000000000000000000000000000000000000000000000000000000000000000000000000
700
070d00000000000002000e0e810100000000000000000000000000000000000000000000000000000000000000000000000000000000000000000000000000000000000000000000
800
070d00000000000002000b0b820100000000000000000000000000000000000000000000000000000000000000000000000000000000000000000000000000000000000000000000
070d00000000000004010b0b820100000000000000000000000000000000000000000000000000000000000000000000000000000000000000000000000000000000000000000000
900
070d00000000000002000c0c820100000000000000000000000000000000000000000000000000000000000000000000000000000000000000000000000000000000000000000000
1000
070d00000000000002000c0c820100000000000000000000000000000000000000000000000000000000000000000000000000000000000000000000000000000000000000000000
1500
070d00000000000002000f0f830100000000000000000000000000000000000000000000000000000000000000000000000000000000000000000000000000000000000000000000
2000
070d00000000000002000e0e850100000000000000000000000000000000000000000000000000000000000000000000000000000000000000000000000000000000000000000000
x3200/y100
070d00000000000002001001870100000000000000000000000000000000000000000000000000000000000000000000000000000000000000000000000000000000000000000000
3000
070d00000000000002000f0f870100000000000000000000000000000000000000000000000000000000000000000000000000000000000000000000000000000000000000000000
3200
070d00000000000002001010870100000000000000000000000000000000000000000000000000000000000000000000000000000000000000000000000000000000000000000000

4 / 1 / 3200 / 800 / 1200 / 1600
070d00000000000003001010870100000000000000000000000000000000000000000000000000000000000000000000000000000000000000000000000000000000000000000000
5
070d00000000000004001010870100000000000000000000000000000000000000000000000000000000000000000000000000000000000000000000000000000000000000000000
070d00000000000004001010870100000000000000000000000000000000000000000000000000000000000000000000000000000000000000000000000000000000000000000000
5/4/1600
070d00000000000004030d0d840100000000000000000000000000000000000000000000000000000000000000000000000000000000000000000000000000000000000000000000
5/2/800
070d00000000000004010b0b820100000000000000000000000000000000000000000000000000000000000000000000000000000000000000000000000000000000000000000000

// Set DPI
0d - set DPI

aa - modes 00 - 1 mode, 04 - 5 modes
bb - mode selected - 00 - 04
ccdd - xy combination - 0404, 0808, 0a0a, 0b0b, 0c0c, 0d0d, 0e0e, 0f0f, 1010
          4,    8,   10,   11,   12,   13,   14,   15,   16
ff - shift DPI 80, 81, 82, 83, 84, 85, 86, 87
ee - 01 - 1000hz, 02 500hz, 04 - 250hz, 08 - 125hz
                    aabb ccdd ffee
070d 0000 0000 0000 0200 1010 8701


070d 0000 0000 0000 0200 1010 8701
070d 0000 0000 0000 0300 1010 8701
070d 0000 0000 0000 0400 0b0b 8201
070d 0000 0000 0000 0400 0c0c 8201
070d 0000 0000 0000 0400 0c0c 8301
070d 0000 0000 0000 0400 0d0d 8301
070d 0000 0000 0000 0400 0d0d 8401
070d 0000 0000 0000 0400 0e0e 8201
070d 0000 0000 0000 0400 0e0e 8301
070d 0000 0000 0000 0400 0e0e 8401
070d 0000 0000 0000 0400 0e0e 8501
070d 0000 0000 0000 0400 0e0e 8601
070d 0000 0000 0000 0400 0e0e 8701
070d 0000 0000 0000 0400 0f0f 8201
070d 0000 0000 0000 0400 0f0f 8301
070d 0000 0000 0000 0400 0f0f 8401
070d 0000 0000 0000 0400 0f0f 8501
070d 0000 0000 0000 0400 0f0f 8601
070d 0000 0000 0000 0400 0f0f 8701
070d 0000 0000 0000 0400 1010 8501
070d 0000 0000 0000 0400 1010 8601
070d 0000 0000 0000 0400 1010 8701
070d 0000 0000 0000 0401 0404 8001
070d 0000 0000 0000 0401 0808 8101
070d 0000 0000 0000 0401 0a0a 8101
070d 0000 0000 0000 0401 0d0d 8001
070d 0000 0000 0000 0401 0e0e 8101
070d 0000 0000 0000 0401 0f0f 8401

That request some links with DPI and I think that is full memory for all DPIs in memory (all 5 modes and xy)
072f 791a 0080 0000ffffffff240ebc36040001001000100087000f000f0085000b000b0082000d000000000000000000000000000000000000000000000000000000000000000000


0713 0000 8000 0000 c700 0000 0000 0000 0000 0000 0000 0000 0000 0000 0000 0000 0000 0000 0000 0000 0000 0000 0000 0000 0000 0000 0000 0000 0000 0000 0000 0000 0000 0000 0000 0000

0720 0000 0000 0000 0000 0000 0000 0000 0000 0000 0000 0000 0000 0000 0000 0000 0000 0000 0000 0000 0000 0000 0000 0000 0000 0000 0000 0000 0000 0000 0000 0000 0000 0000 0000 0000
0720 0000 0000 0001 0000 0000 0000 0000 0000 0000 0000 0000 0000 0000 0000 0000 0000 0000 0000 0000 0000 0000 0000 0000 0000 0000 0000 0000 0000 0000 0000 0000 0000 0000 0000 0000

072f 001a 0000 0000 0000 0000 0000 0000 0000 0000 0000 0000 0000 0000 0000 0000 0000 0000 0000 0000 0000 0000 0000 0000 0000 0000 0000 0000 0000 0000 0000 0000 0000 0000 0000 0000
072f 001a 0000 0000 a4a4 ffff 020e fe34 0000 0000 0000 0000 0000 0000 0000 0000 0000 0000 0000 0000 0000 0000 0000 0000 0000 0000 0000 0000 0000 0000 0000 0000 0000 0000 0000 0000
072f 001a 0000 0000 a4a4 ffff 040e 1735 0000 0000 0000 0000 0000 0000 0000 0000 0000 0000 0000 0000 0000 0000 0000 0000 0000 0000 0000 0000 0000 0000 0000 0000 0000 0000 0000 0000
072f 001a 0000 0000 a4a4 ffff 060e 2435 0000 0000 0000 0000 0000 0000 0000 0000 0000 0000 0000 0000 0000 0000 0000 0000 0000 0000 0000 0000 0000 0000 0000 0000 0000 0000 0000 0000
072f 001a 0000 0000 a4a4 ffff 070e 2c35 0000 0000 0000 0000 0000 0000 0000 0000 0000 0000 0000 0000 0000 0000 0000 0000 0000 0000 0000 0000 0000 0000 0000 0000 0000 0000 0000 0000
072f 001a 0000 0000 a4a4 ffff 090e 3935 0000 0000 0000 0000 0000 0000 0000 0000 0000 0000 0000 0000 0000 0000 0000 0000 0000 0000 0000 0000 0000 0000 0000 0000 0000 0000 0000 0000
072f 001a 0000 0000 a4a4 ffff 0a0e 3e35 0000 0000 0000 0000 0000 0000 0000 0000 0000 0000 0000 0000 0000 0000 0000 0000 0000 0000 0000 0000 0000 0000 0000 0000 0000 0000 0000 0000
072f 001a 0000 0000 a4a4 ffff 0a0e 4135 0000 0000 0000 0000 0000 0000 0000 0000 0000 0000 0000 0000 0000 0000 0000 0000 0000 0000 0000 0000 0000 0000 0000 0000 0000 0000 0000 0000
072f 001a 0000 0000 a4a4 ffff 0a0e 4a35 0000 0000 0000 0000 0000 0000 0000 0000 0000 0000 0000 0000 0000 0000 0000 0000 0000 0000 0000 0000 0000 0000 0000 0000 0000 0000 0000 0000
072f 001a 0000 0000 a4a4 ffff 0b0e 4635 0000 0000 0000 0000 0000 0000 0000 0000 0000 0000 0000 0000 0000 0000 0000 0000 0000 0000 0000 0000 0000 0000 0000 0000 0000 0000 0000 0000
072f 001a 0000 0000 a4a4 ffff 0c0e 4b35 0000 0000 0000 0000 0000 0000 0000 0000 0000 0000 0000 0000 0000 0000 0000 0000 0000 0000 0000 0000 0000 0000 0000 0000 0000 0000 0000 0000
072f 001a 0000 0000 a4a4 ffff 0c0e 4e35 0000 0000 0000 0000 0000 0000 0000 0000 0000 0000 0000 0000 0000 0000 0000 0000 0000 0000 0000 0000 0000 0000 0000 0000 0000 0000 0000 0000
072f 001a 0000 0000 a4a4 ffff 0d0e 5335 0000 0000 0000 0000 0000 0000 0000 0000 0000 0000 0000 0000 0000 0000 0000 0000 0000 0000 0000 0000 0000 0000 0000 0000 0000 0000 0000 0000
072f 001a 0000 0000 a4a4 ffff 0d0e 5635 0000 0000 0000 0000 0000 0000 0000 0000 0000 0000 0000 0000 0000 0000 0000 0000 0000 0000 0000 0000 0000 0000 0000 0000 0000 0000 0000 0000
072f 001a 0000 0000 a4a4 ffff 0e0e 5b35 0000 0000 0000 0000 0000 0000 0000 0000 0000 0000 0000 0000 0000 0000 0000 0000 0000 0000 0000 0000 0000 0000 0000 0000 0000 0000 0000 0000
072f 001a 0000 0000 a4a4 ffff 0e0e 5e35 0000 0000 0000 0000 0000 0000 0000 0000 0000 0000 0000 0000 0000 0000 0000 0000 0000 0000 0000 0000 0000 0000 0000 0000 0000 0000 0000 0000
072f 001a 0000 0000 a4a4 ffff 0f0e 6335 0000 0000 0000 0000 0000 0000 0000 0000 0000 0000 0000 0000 0000 0000 0000 0000 0000 0000 0000 0000 0000 0000 0000 0000 0000 0000 0000 0000
072f 001a 0000 0000 a4a4 ffff 0f0e 6635 0000 0000 0000 0000 0000 0000 0000 0000 0000 0000 0000 0000 0000 0000 0000 0000 0000 0000 0000 0000 0000 0000 0000 0000 0000 0000 0000 0000
072f 001a 0000 0000 a4a4 ffff 0f0e 7e35 0000 0000 0000 0000 0000 0000 0000 0000 0000 0000 0000 0000 0000 0000 0000 0000 0000 0000 0000 0000 0000 0000 0000 0000 0000 0000 0000 0000
072f 001a 0000 0000 a4a4 ffff 100e 6b35 0000 0000 0000 0000 0000 0000 0000 0000 0000 0000 0000 0000 0000 0000 0000 0000 0000 0000 0000 0000 0000 0000 0000 0000 0000 0000 0000 0000
072f 001a 0000 0000 a4a4 ffff 100e 9c35 0000 0000 0000 0000 0000 0000 0000 0000 0000 0000 0000 0000 0000 0000 0000 0000 0000 0000 0000 0000 0000 0000 0000 0000 0000 0000 0000 0000
072f 001a 0000 0000 a4a4 ffff 110e 7035 0000 0000 0000 0000 0000 0000 0000 0000 0000 0000 0000 0000 0000 0000 0000 0000 0000 0000 0000 0000 0000 0000 0000 0000 0000 0000 0000 0000
072f 001a 0000 0000 a4a4 ffff 110e 7335 0000 0000 0000 0000 0000 0000 0000 0000 0000 0000 0000 0000 0000 0000 0000 0000 0000 0000 0000 0000 0000 0000 0000 0000 0000 0000 0000 0000
072f 001a 0000 0000 a4a4 ffff 120e 7835 0000 0000 0000 0000 0000 0000 0000 0000 0000 0000 0000 0000 0000 0000 0000 0000 0000 0000 0000 0000 0000 0000 0000 0000 0000 0000 0000 0000
072f 001a 0000 0000 a4a4 ffff 120e 7c35 0000 0000 0000 0000 0000 0000 0000 0000 0000 0000 0000 0000 0000 0000 0000 0000 0000 0000 0000 0000 0000 0000 0000 0000 0000 0000 0000 0000
072f 001a 0000 0000 a4a4 ffff 130e 8035 0000 0000 0000 0000 0000 0000 0000 0000 0000 0000 0000 0000 0000 0000 0000 0000 0000 0000 0000 0000 0000 0000 0000 0000 0000 0000 0000 0000
072f 001a 0000 0000 a4a4 ffff f50d 8134 0000 0000 0000 0000 0000 0000 0000 0000 0000 0000 0000 0000 0000 0000 0000 0000 0000 0000 0000 0000 0000 0000 0000 0000 0000 0000 0000 0000
072f 001a 0000 0000 a4a4 ffff fe0d d834 0000 0000 0000 0000 0000 0000 0000 0000 0000 0000 0000 0000 0000 0000 0000 0000 0000 0000 0000 0000 0000 0000 0000 0000 0000 0000 0000 0000
072f 011a 0000 0000 a4a4 0000 0000 0000 0000 0000 0000 0000 0000 0000 0000 0000 0000 0000 0000 0000 0000 0000 0000 0000 0000 0000 0000 0000 0000 0000 0000 0000 0000 0000 0000 0000
072f 791a 0080 0000 ffff ffff 020e fe34 0400 0100 0b00 0b00 8200 0a00 0a00 8100 0c00 0c00 8300 0d00 0000 0000 0000 0000 0000 0000 0000 0000 0000 0000 0000 0000 0000 0000 0000 0000
072f 791a 0080 0000 ffff ffff 040e 1735 0400 0000 0b00 0b00 8200 0b00 0b00 8200 0c00 0c00 8300 0d00 0000 0000 0000 0000 0000 0000 0000 0000 0000 0000 0000 0000 0000 0000 0000 0000
072f 791a 0080 0000 ffff ffff 060e 2435 0400 0000 0c00 0c00 8200 0b00 0b00 8200 0c00 0c00 8300 0d00 0000 0000 0000 0000 0000 0000 0000 0000 0000 0000 0000 0000 0000 0000 0000 0000
072f 791a 0080 0000 ffff ffff 070e 2c35 0400 0000 0c00 0c00 8300 0b00 0b00 8200 0c00 0c00 8300 0d00 0000 0000 0000 0000 0000 0000 0000 0000 0000 0000 0000 0000 0000 0000 0000 0000
072f 791a 0080 0000 ffff ffff 070e 2c35 0400 0100 0b00 0b00 8200 0d00 0d00 8000 0c00 0c00 8300 0d00 0000 0000 0000 0000 0000 0000 0000 0000 0000 0000 0000 0000 0000 0000 0000 0000
072f 791a 0080 0000 ffff ffff 090e 3935 0400 0000 0d00 0d00 8300 0b00 0b00 8200 0c00 0c00 8300 0d00 0000 0000 0000 0000 0000 0000 0000 0000 0000 0000 0000 0000 0000 0000 0000 0000
072f 791a 0080 0000 ffff ffff 0a0e 3e35 0400 0000 0e00 0e00 8200 0b00 0b00 8200 0c00 0c00 8300 0d00 0000 0000 0000 0000 0000 0000 0000 0000 0000 0000 0000 0000 0000 0000 0000 0000
072f 791a 0080 0000 ffff ffff 0a0e 4135 0400 0000 0d00 0d00 8400 0b00 0b00 8200 0c00 0c00 8300 0d00 0000 0000 0000 0000 0000 0000 0000 0000 0000 0000 0000 0000 0000 0000 0000 0000
072f 791a 0080 0000 ffff ffff 0a0e 4a35 0400 0100 0b00 0b00 8200 0e00 0e00 8100 0c00 0c00 8300 0d00 0000 0000 0000 0000 0000 0000 0000 0000 0000 0000 0000 0000 0000 0000 0000 0000
072f 791a 0080 0000 ffff ffff 0b0e 4635 0400 0000 0e00 0e00 8300 0b00 0b00 8200 0c00 0c00 8300 0d00 0000 0000 0000 0000 0000 0000 0000 0000 0000 0000 0000 0000 0000 0000 0000 0000
072f 791a 0080 0000 ffff ffff 0c0e 4b35 0400 0000 0f00 0f00 8200 0b00 0b00 8200 0c00 0c00 8300 0d00 0000 0000 0000 0000 0000 0000 0000 0000 0000 0000 0000 0000 0000 0000 0000 0000
072f 791a 0080 0000 ffff ffff 0c0e 4e35 0400 0000 0e00 0e00 8400 0b00 0b00 8200 0c00 0c00 8300 0d00 0000 0000 0000 0000 0000 0000 0000 0000 0000 0000 0000 0000 0000 0000 0000 0000
072f 791a 0080 0000 ffff ffff 0d0e 5335 0400 0000 0f00 0f00 8300 0b00 0b00 8200 0c00 0c00 8300 0d00 0000 0000 0000 0000 0000 0000 0000 0000 0000 0000 0000 0000 0000 0000 0000 0000
072f 791a 0080 0000 ffff ffff 0d0e 5635 0400 0000 0e00 0e00 8500 0b00 0b00 8200 0c00 0c00 8300 0d00 0000 0000 0000 0000 0000 0000 0000 0000 0000 0000 0000 0000 0000 0000 0000 0000
072f 791a 0080 0000 ffff ffff 0e0e 5b35 0400 0000 0f00 0f00 8400 0b00 0b00 8200 0c00 0c00 8300 0d00 0000 0000 0000 0000 0000 0000 0000 0000 0000 0000 0000 0000 0000 0000 0000 0000
072f 791a 0080 0000 ffff ffff 0e0e 5e35 0400 0000 0e00 0e00 8600 0b00 0b00 8200 0c00 0c00 8300 0d00 0000 0000 0000 0000 0000 0000 0000 0000 0000 0000 0000 0000 0000 0000 0000 0000
072f 791a 0080 0000 ffff ffff 0f0e 6335 0400 0000 0f00 0f00 8500 0b00 0b00 8200 0c00 0c00 8300 0d00 0000 0000 0000 0000 0000 0000 0000 0000 0000 0000 0000 0000 0000 0000 0000 0000
072f 791a 0080 0000 ffff ffff 0f0e 6635 0400 0000 0e00 0e00 8700 0b00 0b00 8200 0c00 0c00 8300 0d00 0000 0000 0000 0000 0000 0000 0000 0000 0000 0000 0000 0000 0000 0000 0000 0000
072f 791a 0080 0000 ffff ffff 0f0e 7e35 0400 0100 0b00 0b00 8200 0f00 0f00 8400 0c00 0c00 8300 0d00 0000 0000 0000 0000 0000 0000 0000 0000 0000 0000 0000 0000 0000 0000 0000 0000
072f 791a 0080 0000 ffff ffff 100e 6b35 0400 0000 0f00 0f00 8600 0b00 0b00 8200 0c00 0c00 8300 0d00 0000 0000 0000 0000 0000 0000 0000 0000 0000 0000 0000 0000 0000 0000 0000 0000
072f 791a 0080 0000 ffff ffff 110e 7035 0400 0000 1000 1000 8500 0b00 0b00 8200 0c00 0c00 8300 0d00 0000 0000 0000 0000 0000 0000 0000 0000 0000 0000 0000 0000 0000 0000 0000 0000
072f 791a 0080 0000 ffff ffff 110e 7335 0400 0000 0f00 0f00 8700 0b00 0b00 8200 0c00 0c00 8300 0d00 0000 0000 0000 0000 0000 0000 0000 0000 0000 0000 0000 0000 0000 0000 0000 0000
072f 791a 0080 0000 ffff ffff 110e 7835 0200 0000 1000 1000 8700 0b00 0b00 8200 0c00 0c00 8300 0d00 0000 0000 0000 0000 0000 0000 0000 0000 0000 0000 0000 0000 0000 0000 0000 0000
072f 791a 0080 0000 ffff ffff 120e 7835 0400 0000 1000 1000 8600 0b00 0b00 8200 0c00 0c00 8300 0d00 0000 0000 0000 0000 0000 0000 0000 0000 0000 0000 0000 0000 0000 0000 0000 0000
072f 791a 0080 0000 ffff ffff 120e 7c35 0300 0000 1000 1000 8700 0b00 0b00 8200 0c00 0c00 8300 0d00 0000 0000 0000 0000 0000 0000 0000 0000 0000 0000 0000 0000 0000 0000 0000 0000
072f 791a 0080 0000 ffff ffff 130e 8035 0400 0000 1000 1000 8700 0b00 0b00 8200 0c00 0c00 8300 0d00 0000 0000 0000 0000 0000 0000 0000 0000 0000 0000 0000 0000 0000 0000 0000 0000
072f 791a 0080 0000 ffff ffff f50d 8134 0400 0100 0b00 0b00 8200 0400 0400 8000 0c00 0c00 8300 0d00 0000 0000 0000 0000 0000 0000 0000 0000 0000 0000 0000 0000 0000 0000 0000 0000
072f 791a 0080 0000 ffff ffff fe0d d834 0400 0100 0b00 0b00 8200 0800 0800 8100 0c00 0c00 8300 0d00 0000 0000 0000 0000 0000 0000 0000 0000 0000 0000 0000 0000 0000 0000 0000 0000
072f 791a 1080 0000 0d00 8400 1000 1000 8700 0000 0000 0000 0000 0000 0000 0000 0000 0000 0100 4700 0000 0000 0000 0000 0000 0000 0000 0000 0000 0000 0000 0000 0000 0000 0000 0000
072f 791a 2080 0000 0000 0000 0000 0000 0700 0280 0480 0680 0880 0a80 0d80 0f80 0881 0981 0a81 0b81 0000 0000 0000 0000 0000 0000 0000 0000 0000 0000 0000 0000 0000 0000 0000 0000
072f 791a 3080 0000 0c81 0d81 0e81 0f81 0b82 0000 0000 0000 0000 0000 0000 0000 0000 0000 0000 0000 0000 0000 0000 0000 0000 0000 0000 0000 0000 0000 0000 0000 0000 0000 0000 0000
072f 791a 4080 0000 0000 0000 0000 0000 0000 0000 0000 0000 0000 0000 0000 0000 0000 0000 0000 0000 0000 0000 0000 0000 0000 0000 0000 0000 0000 0000 0000 0000 0000 0000 0000 0000
072f 791a 5080 0000 0000 0000 0000 0000 0000 0000 0000 0000 0000 0000 0000 0000 0000 0000 0000 0000 0000 0000 0000 0000 0000 0000 0000 0000 0000 0000 0000 0000 0000 0000 0000 0000
072f 791a 6080 0000 0000 0000 0000 0000 0000 0000 0000 0000 0000 0000 0000 0000 0000 0000 0000 0000 0000 0000 0000 0000 0000 0000 0000 0000 0000 0000 0000 0000 0000 0000 0000 0000
072f 791a 7080 0000 0000 0000 0000 0000 0000 0000 0000 0000 0000 0000 0000 0000 0000 0000 0000 0000 0000 0000 0000 0000 0000 0000 0000 0000 0000 0000 0000 0000 0000 0000 0000 0000
